0 0.029149543378995432 0.33172920892494934 0.058299086757990864 0.1095638945233266
0 0.3105479452054794 0.355420892494929 0.06429223744292237 0.11167342799188643
0 0.4450256849315068 0.5681693711967546 0.08026826484018265 0.12329614604462474
0 0.6565068493150685 0.6031085192697768 0.08105022831050228 0.09865111561866124
0 0.20503424657534247 0.7134381338742394 0.10237442922374426 0.12687626774847874
0 0.21021689497716894 0.8474137931034482 0.08504566210045662 0.07292089249492899
0 0.7259218036529681 0.17142494929006086 0.10663812785388124 0.1031947261663286
0 0.9663070776255708 0.4005070993914807 0.06738584474885842 0.11338742393509128
0 0.21546803652968036 0.4718762677484787 0.07651826484018262 0.07661257606490875
0 0.751312785388128 0.3384837728194726 0.02842465753424655 0.05832657200811358
0 0.5262842465753425 0.409553752535497 0.03144977168949773 0.1038133874239351