0 0.1575799086757991 0.5425557809330629 0.06744292237442924 0.11290060851926977
0 0.06802796803652968 0.07841277890466532 0.058464611872146126 0.1295841784989858
0 0.7459189497716895 0.8152129817444218 0.10940639269406396 0.1257606490872211
0 0.3392494292237443 0.4302789046653144 0.09779109589041095 0.10603448275862064
0 0.5180251141552512 0.5632657200811358 0.09404109589041096 0.1148478701825558
0 0.03732876712328768 0.6607758620689655 0.027511415525114158 0.07966531440162267
0 0.9933818493150685 0.1813894523326572 0.013236301369863045 0.050202839756592295
0 0.6291409817351599 0.27640466531440167 0.09822488584474881 0.10534482758620693
0 0.1360673515981735 0.3433367139959432 0.060399543378995446 0.11778904665314406
0 0.5506792237442922 0.3155983772819473 0.051038812785388105 0.07135902636916837
0 0.1347859589041096 0.4376217038539554 0.02836187214611872 0.05680527383367139
0 0.5533961187214612 0.6137423935091277 0.053253424657534285 0.07271805273833676