0 0.015199771689497717 0.2760344827586207 0.030399543378995433 0.12210953346855985
0 0.23692351598173517 0.7433215010141987 0.10343607305936071 0.14581135902636916
0 0.0420148401826484 0.4752586206896552 0.05055936073059361 0.1028296146044624
0 0.8124457762557079 0.1997058823529412 0.027962328767123294 0.05150101419878296
0 0.7718407534246574 0.2164655172413793 0.05483447488584471 0.0690365111561866
0 0.7092893835616438 0.2636511156186612 0.04266552511415525 0.10251521298174443
0 0.02890981735159817 0.10704868154158216 0.05781963470319634 0.13255578093306286
0 0.9826912100456622 0.2841227180527383 0.030507990867579934 0.09301217038539554
0 0.7914611872146118 0.6148275862068966 0.060091324200913225 0.07967545638945228
0 0.4583190639269406 0.5942697768762678 0.10550799086757992 0.14046653144016227
0 0.806058789954338 0.8496348884381338 0.07646689497716896 0.06969574036511159