0 0.6087728310502284 0.20281440162271805 0.05601598173515988 0.11871196754563895
0 0.9603681506849315 0.47548174442190666 0.07926369863013692 0.13808316430020282
0 0.3045776255707763 0.576526369168357 0.048721461187214585 0.039239350912778845
0 0.2627682648401827 0.04873225152129817 0.033527397260273976 0.09746450304259634
0 0.8527054794520548 0.1963843813387424 0.07059360730593611 0.09398580121703853
0 0.04731735159817352 0.1119523326572008 0.09463470319634704 0.13431034482758622
0 0.08227168949771689 0.5116430020283976 0.02484018264840183 0.05501014198782962
0 0.144189497716895 0.11119675456389452 0.08118721461187216 0.10133874239350911
0 0.1843835616438356 0.5210851926977688 0.04675799086757992 0.0644827586206897
0 0.011532534246575342 0.5547261663286004 0.023065068493150685 0.07188640973630832
0 0.8871575342465753 0.49849898580121704 0.06198630136986296 0.0914401622718053