0 0.5846575342465753 0.23267241379310347 0.03187214611872148 0.12349898580121704
0 0.9356963470319635 0.4275912778904665 0.09333333333333332 0.1324442190669371
0 0.28258276255707765 0.5688793103448275 0.03894406392694065 0.04155172413793106
0 0.2583761415525114 0.03894523326572008 0.02371575342465754 0.07789046653144016
0 0.8694320776255707 0.21358519269776877 0.06648972602739726 0.09147058823529411
0 0.04731735159817352 0.11238843813387424 0.09463470319634704 0.13431034482758622
0 0.10422945205479453 0.4853549695740365 0.04156392694063928 0.06701825557809335
0 0.16899543378995432 0.09684077079107505 0.09381278538812785 0.09556795131845841
0 0.15794235159817355 0.5336460446247464 0.0402796803652968 0.05998985801217036
0 0.9974800228310502 0.14893509127789048 0.005039954337899502 0.023549695740365112
0 0.02351598173515982 0.5590872210953347 0.04703196347031964 0.0806085192697769
0 0.848490296803653 0.4991480730223124 0.0717408675799087 0.09622718052738337